0 0 -0.486062175069502 0.4001653362649302 -0.4002571356873317 0
0 1 0.6339378249304979 1.6001653362649304 -0.20025713568733167 1
0 2 0.6339378249304979 1.6001653362649304 -0.20025713568733167 1
0 3 -1.0460621750695023 0.020165336264930334 -0.4002571356873317 2
0 4 -0.00606217506950224 1.1601653362649305 -0.20025713568733167 3
0 5 -0.3260621750695023 0.9201653362649305 -0.4002571356873317 4
0 6 -1.6460621750695024 -0.31983466373506975 -0.6002571356873316 5
0 7 0.25393782493049777 1.6601653362649305 -0.4002571356873316 6
0 8 0.25393782493049777 1.6601653362649305 -0.4002571356873316 6
0 9 -0.00606217506950224 1.5001653362649305 -0.6002571356873316 7
0 10 -0.00606217506950224 1.5001653362649305 -0.6002571356873316 7
0 11 -0.4660621750695022 1.1201653362649306 -0.8002571356873316 8
0 12 -0.4660621750695022 1.1201653362649306 -0.8002571356873316 8
0 13 -1.3660621750695023 0.3201653362649306 -1.0002571356873315 9
0 14 0.493937824930498 2.2601653362649303 -0.8002571356873316 10
0 15 0.493937824930498 2.2601653362649303 -0.8002571356873316 10
0 16 -0.5660621750695021 1.3001653362649304 -1.0002571356873315 11
0 17 -0.5660621750695021 1.3001653362649304 -1.0002571356873315 11
0 18 -2.206062175069502 -0.23983466373506968 -1.2002571356873315 12
0 19 -1.3460621750695023 0.7201653362649303 -1.0002571356873315 13
0 20 -1.3460621750695023 0.7201653362649303 -1.0002571356873315 13
0 21 -1.1260621750695023 1.0201653362649303 -0.8002571356873316 14
0 22 -1.1260621750695023 1.0201653362649303 -0.8002571356873316 14
0 23 0.2939378249304976 2.5401653362649306 -0.6002571356873316 15
0 24 -0.4060621750695025 1.9401653362649305 -0.8002571356873316 16
0 25 -0.4060621750695025 1.9401653362649305 -0.8002571356873316 16
0 26 -2.1260621750695026 0.3201653362649304 -1.0002571356873315 17
0 27 -1.6260621750695026 0.9001653362649303 -0.8002571356873316 18
0 28 -1.6260621750695026 0.9001653362649303 -0.8002571356873316 18
0 29 0.29393782493049736 2.9201653362649305 -0.6002571356873316 19
0 30 0.013937824930497389 2.7001653362649303 -0.8002571356873316 20
0 31 0.013937824930497389 2.7001653362649303 -0.8002571356873316 20
0 32 -1.5660621750695027 1.22016533626493 -1.0002571356873315 21
0 33 -0.9260621750695026 1.98016533626493 -0.8002571356873316 22
0 34 -0.9260621750695026 1.98016533626493 -0.8002571356873316 22
0 35 -0.9260621750695026 1.98016533626493 -0.8002571356873316 22
0 36 -0.9260621750695026 1.98016533626493 -0.8002571356873316 22
0 37 -1.4460621750695026 1.5601653362649301 -1.0002571356873315 23
0 38 -1.4460621750695026 1.5601653362649301 -1.0002571356873315 23
0 39 -1.4460621750695026 1.5601653362649301 -1.0002571356873315 23
0 40 -1.4460621750695026 1.5601653362649301 -1.0002571356873315 23
0 41 -1.4460621750695026 1.5601653362649301 -1.0002571356873315 23
0 42 -1.4460621750695026 1.5601653362649301 -1.0002571356873315 23
0 43 -1.4460621750695026 1.5601653362649301 -1.0002571356873315 23
0 44 -1.4460621750695026 1.5601653362649301 -1.0002571356873315 23
0 45 -1.4460621750695026 1.5601653362649301 -1.0002571356873315 23
0 46 -1.4460621750695026 1.5601653362649301 -1.0002571356873315 23
0 47 -1.4460621750695026 1.5601653362649301 -1.0002571356873315 23
0 48 -1.4460621750695026 1.5601653362649301 -1.0002571356873315 23
0 49 -1.1060621750695026 2.00016533626493 -0.8002571356873316 24
0 50 -2.9860621750695024 0.20016533626493005 -1.0002571356873315 25
0 51 -2.2860621750695023 0.9801653362649301 -0.8002571356873316 26
0 52 -0.7660621750695022 2.60016533626493 -0.6002571356873316 27
0 53 -1.6660621750695022 1.7801653362649303 -0.8002571356873316 28
0 54 -1.6660621750695022 1.7801653362649303 -0.8002571356873316 28
0 55 -1.6660621750695022 1.7801653362649303 -0.8002571356873316 28
0 56 -1.6660621750695022 1.7801653362649303 -0.8002571356873316 28
0 57 -1.6660621750695022 1.7801653362649303 -0.8002571356873316 28
0 58 -1.6660621750695022 1.7801653362649303 -0.8002571356873316 28
0 59 -1.6660621750695022 1.7801653362649303 -0.8002571356873316 28
0 60 -1.6660621750695022 1.7801653362649303 -0.8002571356873316 28
0 61 -1.6660621750695022 1.7801653362649303 -0.8002571356873316 28
0 62 -1.6660621750695022 1.7801653362649303 -0.8002571356873316 28
0 63 -1.6660621750695022 1.7801653362649303 -0.8002571356873316 28
0 64 -1.6660621750695022 1.7801653362649303 -0.8002571356873316 28
0 65 -1.546062175069502 1.9801653362649303 -0.6002571356873316 29
0 66 -3.3260621750695023 0.30016533626493014 -0.8002571356873316 30
0 67 -2.8460621750695023 0.8601653362649301 -0.6002571356873316 31
0 68 -2.8460621750695023 0.8601653362649301 -0.6002571356873316 31
0 69 -2.8460621750695023 0.8601653362649301 -0.6002571356873316 31
0 70 -2.546062175069502 1.26016533626493 -0.4002571356873316 32
0 71 -1.8260621750695019 2.08016533626493 -0.2002571356873316 33
0 72 -3.306062175069502 0.70016533626493 -0.4002571356873316 34
0 73 -3.306062175069502 0.70016533626493 -0.4002571356873316 34
0 74 -3.306062175069502 0.70016533626493 -0.4002571356873316 34
0 75 -1.6860621750695017 2.42016533626493 -0.2002571356873316 35
0 76 -1.6860621750695017 2.42016533626493 -0.2002571356873316 35
0 77 -2.2260621750695018 1.98016533626493 -0.4002571356873316 36
0 78 -1.2060621750695018 3.10016533626493 -0.2002571356873316 37
0 79 -3.0460621750695016 1.3601653362649302 -0.4002571356873316 38
0 80 -3.0460621750695016 1.3601653362649302 -0.4002571356873316 38
0 81 -2.4460621750695015 2.06016533626493 -0.2002571356873316 39
0 82 -0.9460621750695015 3.64016533626493 -0.00025713568733159997 40
0 83 -1.9060621750695015 2.7801653362649303 -0.2002571356873316 41
0 84 -1.9060621750695015 2.7801653362649303 -0.2002571356873316 41
0 85 -3.6060621750695017 1.1801653362649303 -0.4002571356873316 42
0 86 -3.6060621750695017 1.1801653362649303 -0.4002571356873316 42
0 87 -2.4260621750695015 2.44016533626493 -0.2002571356873316 43
0 88 -2.4260621750695015 2.44016533626493 -0.2002571356873316 43
0 89 -2.4260621750695015 2.44016533626493 -0.2002571356873316 43
0 90 -2.4260621750695015 2.44016533626493 -0.2002571356873316 43
0 91 -2.4260621750695015 2.44016533626493 -0.2002571356873316 43
0 92 -2.4260621750695015 2.44016533626493 -0.2002571356873316 43
0 93 -2.4260621750695015 2.44016533626493 -0.2002571356873316 43
0 94 -2.4260621750695015 2.44016533626493 -0.2002571356873316 43
0 95 -2.4260621750695015 2.44016533626493 -0.2002571356873316 43
0 96 -2.4260621750695015 2.44016533626493 -0.2002571356873316 43
0 97 -2.4260621750695015 2.44016533626493 -0.2002571356873316 43
0 98 -2.4260621750695015 2.44016533626493 -0.2002571356873316 43
0 99 -2.4260621750695015 2.44016533626493 -0.2002571356873316 43
1 0 -2.4260621750695015 2.44016533626493 -0.2002571356873316 43
1 1 -2.4260621750695015 2.44016533626493 -0.2002571356873316 43
1 2 -2.4260621750695015 2.44016533626493 -0.2002571356873316 43
1 3 -2.4260621750695015 2.44016533626493 -0.2002571356873316 43
1 4 -2.4260621750695015 2.44016533626493 -0.2002571356873316 43
1 5 -2.4260621750695015 2.44016533626493 -0.2002571356873316 43
1 6 -2.4260621750695015 2.44016533626493 -0.2002571356873316 43
1 7 -2.4260621750695015 2.44016533626493 -0.2002571356873316 43
1 8 -2.4260621750695015 2.44016533626493 -0.2002571356873316 43
1 9 -2.4260621750695015 2.44016533626493 -0.2002571356873316 43
1 10 -2.4260621750695015 2.44016533626493 -0.2002571356873316 43
1 11 -2.4260621750695015 2.44016533626493 -0.2002571356873316 43
1 12 -2.4260621750695015 2.44016533626493 -0.2002571356873316 43
1 13 -2.4260621750695015 2.44016533626493 -0.2002571356873316 43
1 14 -2.4260621750695015 2.44016533626493 -0.2002571356873316 43
1 15 -2.4260621750695015 2.44016533626493 -0.2002571356873316 43
1 16 -2.4260621750695015 2.44016533626493 -0.2002571356873316 43
1 17 -2.4260621750695015 2.44016533626493 -0.2002571356873316 43
1 18 -2.4260621750695015 2.44016533626493 -0.2002571356873316 43
1 19 -2.4260621750695015 2.44016533626493 -0.2002571356873316 43
1 20 -2.4260621750695015 2.44016533626493 -0.2002571356873316 43
1 21 -2.4260621750695015 2.44016533626493 -0.2002571356873316 43
1 22 -2.4260621750695015 2.44016533626493 -0.2002571356873316 43
1 23 -2.4260621750695015 2.44016533626493 -0.2002571356873316 43
1 24 -2.4260621750695015 2.44016533626493 -0.2002571356873316 43
1 25 -2.4260621750695015 2.44016533626493 -0.2002571356873316 43
1 26 -2.4260621750695015 2.44016533626493 -0.2002571356873316 43
1 27 -2.4260621750695015 2.44016533626493 -0.2002571356873316 43
1 28 -2.4260621750695015 2.44016533626493 -0.2002571356873316 43
1 29 -2.4260621750695015 2.44016533626493 -0.2002571356873316 43
1 30 -2.4260621750695015 2.44016533626493 -0.2002571356873316 43
1 31 -2.4260621750695015 2.44016533626493 -0.2002571356873316 43
1 32 -2.4260621750695015 2.44016533626493 -0.2002571356873316 43
1 33 -2.4260621750695015 2.44016533626493 -0.2002571356873316 43
1 34 -2.4260621750695015 2.44016533626493 -0.2002571356873316 43
1 35 -2.4260621750695015 2.44016533626493 -0.2002571356873316 43
1 36 -2.4260621750695015 2.44016533626493 -0.2002571356873316 43
1 37 -2.4260621750695015 2.44016533626493 -0.2002571356873316 43
1 38 -2.4260621750695015 2.44016533626493 -0.2002571356873316 43
1 39 -2.4260621750695015 2.44016533626493 -0.2002571356873316 43
1 40 -2.4260621750695015 2.44016533626493 -0.2002571356873316 43
1 41 -2.4260621750695015 2.44016533626493 -0.2002571356873316 43
1 42 -2.4260621750695015 2.44016533626493 -0.2002571356873316 43
1 43 -2.4260621750695015 2.44016533626493 -0.2002571356873316 43
1 44 -2.4260621750695015 2.44016533626493 -0.2002571356873316 43
1 45 -2.4260621750695015 2.44016533626493 -0.2002571356873316 43
1 46 -2.4260621750695015 2.44016533626493 -0.2002571356873316 43
1 47 -2.4260621750695015 2.44016533626493 -0.2002571356873316 43
1 48 -2.4260621750695015 2.44016533626493 -0.2002571356873316 43
1 49 -2.4260621750695015 2.44016533626493 -0.2002571356873316 43
1 50 -2.4260621750695015 2.44016533626493 -0.2002571356873316 43
1 51 -2.4260621750695015 2.44016533626493 -0.2002571356873316 43
1 52 -2.4260621750695015 2.44016533626493 -0.2002571356873316 43
1 53 -2.4260621750695015 2.44016533626493 -0.2002571356873316 43
1 54 -2.4260621750695015 2.44016533626493 -0.2002571356873316 43
1 55 -2.4260621750695015 2.44016533626493 -0.2002571356873316 43
1 56 -2.4260621750695015 2.44016533626493 -0.2002571356873316 43
1 57 -2.4260621750695015 2.44016533626493 -0.2002571356873316 43
1 58 -2.4260621750695015 2.44016533626493 -0.2002571356873316 43
1 59 -2.4260621750695015 2.44016533626493 -0.2002571356873316 43
1 60 -2.4260621750695015 2.44016533626493 -0.2002571356873316 43
1 61 -2.4260621750695015 2.44016533626493 -0.2002571356873316 43
1 62 -2.4260621750695015 2.44016533626493 -0.2002571356873316 43
1 63 -2.4260621750695015 2.44016533626493 -0.2002571356873316 43
1 64 -2.4260621750695015 2.44016533626493 -0.2002571356873316 43
1 65 -2.4260621750695015 2.44016533626493 -0.2002571356873316 43
1 66 -2.4260621750695015 2.44016533626493 -0.2002571356873316 43
1 67 -2.4260621750695015 2.44016533626493 -0.2002571356873316 43
1 68 -2.4260621750695015 2.44016533626493 -0.2002571356873316 43
1 69 -2.4260621750695015 2.44016533626493 -0.2002571356873316 43
1 70 -2.4260621750695015 2.44016533626493 -0.2002571356873316 43
1 71 -2.4260621750695015 2.44016533626493 -0.2002571356873316 43
1 72 -2.4260621750695015 2.44016533626493 -0.2002571356873316 43
1 73 -2.4260621750695015 2.44016533626493 -0.2002571356873316 43
1 74 -2.4260621750695015 2.44016533626493 -0.2002571356873316 43
1 75 -2.4260621750695015 2.44016533626493 -0.2002571356873316 43
1 76 -2.4260621750695015 2.44016533626493 -0.2002571356873316 43
1 77 -2.4260621750695015 2.44016533626493 -0.2002571356873316 43
1 78 -2.4260621750695015 2.44016533626493 -0.2002571356873316 43
1 79 -2.4260621750695015 2.44016533626493 -0.2002571356873316 43
1 80 -2.4260621750695015 2.44016533626493 -0.2002571356873316 43
1 81 -2.4260621750695015 2.44016533626493 -0.2002571356873316 43
1 82 -2.4260621750695015 2.44016533626493 -0.2002571356873316 43
1 83 -2.4260621750695015 2.44016533626493 -0.2002571356873316 43
1 84 -2.4260621750695015 2.44016533626493 -0.2002571356873316 43
1 85 -2.4260621750695015 2.44016533626493 -0.2002571356873316 43
1 86 -2.4260621750695015 2.44016533626493 -0.2002571356873316 43
1 87 -2.4260621750695015 2.44016533626493 -0.2002571356873316 43
1 88 -2.4260621750695015 2.44016533626493 -0.2002571356873316 43
1 89 -2.4260621750695015 2.44016533626493 -0.2002571356873316 43
1 90 -2.4260621750695015 2.44016533626493 -0.2002571356873316 43
1 91 -2.4260621750695015 2.44016533626493 -0.2002571356873316 43
1 92 -2.4260621750695015 2.44016533626493 -0.2002571356873316 43
1 93 -2.4260621750695015 2.44016533626493 -0.2002571356873316 43
1 94 -2.4260621750695015 2.44016533626493 -0.2002571356873316 43
1 95 -2.4260621750695015 2.44016533626493 -0.2002571356873316 43
1 96 -2.4260621750695015 2.44016533626493 -0.2002571356873316 43
1 97 -2.4260621750695015 2.44016533626493 -0.2002571356873316 43
1 98 -2.4260621750695015 2.44016533626493 -0.2002571356873316 43
1 99 -2.4260621750695015 2.44016533626493 -0.2002571356873316 43
